Template: HI_SettingsTemplate_Inside
Clouds: 0.04347826
Grime: 0.2717391
BkgDroneVolume: 0.2469565
FadePalette: 20, 0.2173913
